0, 0, 90.226
-0.079, -1.998, 90.226
-0.246, -3.99, 87.608
-0.528, -5.968, 84.663
-0.986, -7.915, 84.663
-1.639, -9.804, 81.713
-2.492, -11.61, 79.275
-3.562, -13.294, 77.914
-4.852, -14.818, 77.966
-6.341, -16.147, 79.356
-7.994, -17.268, 81.667
-9.77, -18.182, 84.381
-11.632, -18.909, 87.088
-13.549, -19.473, 89.556
-15.502, -19.902, 91.695
-17.476, -20.221, 93.505
-19.462, -20.451, 95.03
-21.455, -20.612, 96.326
-23.452, -20.717, 97.449
-25.451, -20.782, 98.452
-27.451, -20.815, 99.382
-29.451, -20.825, 99.382
-31.451, -20.827, 99.717
-33.451, -20.831, 98.802
-35.451, -20.844, 97.831
-37.451, -20.875, 96.759
-39.45, -20.934, 95.533
-41.447, -21.038, 95.533
-43.44, -21.202, 94.1
-45.426, -21.436, 92.401
-47.399, -21.759, 90.387
-49.351, -22.192, 88.037
-51.267, -22.76, 85.4
-53.127, -23.489, 82.65
-54.902, -24.404, 80.132
-56.555, -25.524, 78.342
-58.045, -26.853, 77.763
-59.333, -28.377, 78.62
-60.399, -30.065, 80.719
-61.242, -31.875, 80.556
-61.88, -33.766, 77.344
-62.343, -35.709, 73.992
-62.664, -37.683, 70.476
-62.806, -39.678, 66.775
-62.881, -41.676, 62.858
-62.861, -43.676, 58.678
-62.817, -45.675, 54.177
-62.737, -47.673, 49.266
-62.601, -49.669, 43.809
-62.374, -51.655, 37.568
-61.988, -53.616, 30.062
-61.194, -55.433, 20
-59.445, -55.462, 38.554
-58.112, -53.984, 82.928
-57.029, -52.304, 93.462
-56.064, -50.553, 95.655
-55.159, -48.769, 97.033
-54.295, -46.966, 97.949
-53.457, -45.149, 98.588
-52.639, -43.325, 99.053
-51.834, -41.494, 99.408
-51.038, -39.659, 99.692
-50.247, -37.822, 99.929
-49.46, -35.983, 99.929
-48.675, -34.144, 99.864
-47.887, -32.306, 99.672
-47.097, -30.468, 99.486
-46.303, -28.633, 99.297
-45.503, -26.8, 99.297
-44.693, -24.971, 99.096
-43.875, -23.146, 98.873
-43.046, -21.326, 98.619
-42.204, -19.512, 98.619
-41.344, -17.706, 98.319
-40.466, -15.909, 97.956
-39.568, -14.122, 97.506
-38.648, -12.347, 96.936
-37.698, -10.587, 96.936
-36.71, -8.847, 96.197
-35.683, -7.131, 95.218
-34.608, -5.445, 93.894
-33.475, -3.798, 92.062
-32.284, -2.191, 89.847
-31.092, -0.585, 86.975
-29.951, 1.057, 84.004
-28.874, 2.742, 80.924
-27.9, 4.489, 77.723
-27.055, 6.3, 74.385
-26.407, 8.19, 70.891
-26.047, 10.154, 67.219
-26.091, 12.148, 64.333
-26.572, 14.085, 70.5
-27.394, 15.906, 66.804
-28.4, 17.634, 62.887
-29.456, 19.332, 58.71
-30.469, 21.057, 54.211
-31.372, 22.841, 49.305
-32.124, 24.693, 43.855
-32.702, 26.607, 37.623
-33.101, 28.565, 30.129
-33.334, 30.551, 20
-33.412, 32.018, 0
-33.412, 32.018, 0
-34.466, 51.99, 0
endData
127
100
200
0, 0, 0, -41.655, -62.881, 0, -62.881, -41.655
-62.881, -41.655, -62.881, -83.31, -47.748, -22.142, -32.615, -2.628
-32.615, -2.628, -17.482, 16.885, -33.014, 14.695, -33.412, 32.018
#PATH.JERRYIO-DATA {"appVersion":"0.8.3","format":"LemLib v0.5","gc":{"robotWidth":12,"robotHeight":12,"robotIsHolonomic":false,"showRobot":false,"uol":2.54,"pointDensity":2,"controlMagnetDistance":1.968503937007874,"fieldImage":{"displayName":"V5RC 2025 - High Stakes","signature":"V5RC 2025 - High Stakes","origin":{"__type":"built-in"}},"coordinateSystem":"VEX Gaming Positioning System"},"paths":[{"segments":[{"controls":[{"uid":"xaO2p6L3Re","x":0,"y":0,"lock":false,"visible":true,"heading":0,"__type":"end-point"},{"uid":"DjnZ64Wikd","x":0,"y":-41.65522689598011,"lock":false,"visible":true,"__type":"control"},{"uid":"1ttiDdUpez","x":-62.88107387070037,"y":0,"lock":false,"visible":true,"__type":"control"},{"uid":"dSLNHj8nF9","x":-62.88107387070037,"y":-41.65522689598011,"lock":false,"visible":true,"heading":0,"__type":"end-point"}],"speedProfiles":[],"lookaheadKeyframes":[],"uid":"CzIvty90MM"},{"controls":[{"uid":"dSLNHj8nF9","x":-62.88107387070037,"y":-41.65522689598011,"lock":false,"visible":true,"heading":0,"__type":"end-point"},{"uid":"NFQfmGm4Zo","x":-62.88107387070037,"y":-83.31045379196021,"lock":false,"visible":true,"__type":"control"},{"uid":"1JXfXGPOAF","x":-47.74819985495234,"y":-22.14178408619975,"lock":false,"visible":true,"__type":"control"},{"uid":"p9LL6Cc2NQ","x":-32.61532583920431,"y":-2.6283412764193925,"lock":false,"visible":true,"heading":0,"__type":"end-point"}],"speedProfiles":[],"lookaheadKeyframes":[],"uid":"9zxRwaKrsO"},{"controls":[{"uid":"p9LL6Cc2NQ","x":-32.61532583920431,"y":-2.6283412764193925,"lock":false,"visible":true,"heading":0,"__type":"end-point"},{"uid":"8QlncbDpJd","x":-17.48245182345628,"y":16.885101533360963,"lock":false,"visible":true,"__type":"control"},{"uid":"HaDbT0rrDR","x":-33.013559365934526,"y":14.694817136344803,"lock":false,"visible":true,"__type":"control"},{"uid":"GWAse9jfMY","x":-33.411792892664735,"y":32.017975549108996,"lock":false,"visible":true,"heading":0,"__type":"end-point"}],"speedProfiles":[],"lookaheadKeyframes":[],"uid":"5iDfySs6oG"}],"pc":{"speedLimit":{"minLimit":{"value":0,"label":"0"},"maxLimit":{"value":127,"label":"127"},"step":1,"from":20,"to":100},"bentRateApplicableRange":{"minLimit":{"value":0,"label":"0"},"maxLimit":{"value":1,"label":"1"},"step":0.001,"from":0,"to":0.1},"maxDecelerationRate":127},"name":"Path","uid":"UczoynE5rW","lock":false,"visible":true}]}